08024254403630499 
09047606684391088 
07045322052120979 
02015155222030555 
07105283567140591 
08101769383240545 
08025763980520239 
04026268749520959 
07098317854580367 
05019078826720174 
09023796900410811 
01031360817191045 
01067175315100323 
02074666909010694 
09011977579721035 
03107796463390713 
07061321341070511 
06075349731780574 
09049335657361086 
01051417742770957 
04102681907540580 
04098560490350994 
07084355754160861 
04064142741630630 
04029024388580829 
08052329877310898 
08032235350311073 
06088751175760864 
03037497427950326 
07052325952490433 
07045186630680844 
04072841722750546 
02048017075560935 
09091292065380763 
05078908014510166 
09096819955380179 
07028034656900517 
01085190426220122 
06094414481410744 
08094399606030981 
01032424262591042 
02101434738911096 
03018626418330374 
05059502205961068 
10101285617570440 
05093693729200442 
04026242191270857 
08092320560950759 
01063619971610331 
01035146881310719 
02089275504840726 
03088640225450918 
02067456283500845 
05092758528220334 
08039277326460953 
08064931851880880 
05043125366790957 
07089319306540190 
02082132299650422 
09096876170081044 
03066820810370519 
01039659464540918 
04028987995490634 
05106548638591058 
09025233830910189 
06025933170770213 
07074719629620575 
10081839849670462 
08083590808120614 
04064790353420816 
02082393821900995 
09059728493240789 
08023566136611080 
07038383595220636 
09088473129970618 
04035122571580119 
07095724699050628 
10087299107410618 
05068374372980920 
04029703278930153 
05037553934610589 
05077475171910688 
02031507318501015 
08017474179510589 
06023812198950947 
02015461704830135 
09082141648860921 
10045933799780927 
09019734609940490 
01048247253180891 
02068398477810815 
02035136417360836 
09066712951800399 
09102635219530654 
07069599016800437 
06068692828111055 
06039912433790862 
10092071651710629 
04075960905360214 
06012499500650457 
