08049897915570583 
06094401970670467 
10058376762960345 
09096972023840744 
10104378986390616 
01026572631090920 
05032843438960855 
08055377825670967 
07041740885830851 
09058746376860314 
08066086529450680 
03105435230510268 
08033843734701072 
04056658268220816 
07074185445541023 
01047762922410257 
03033137841930760 
08022245652430699 
02083650722670516 
04074972587120712 
03072815749500541 
06065154890500427 
07085245742440170 
10033588726071039 
04045363448930870 
05102092578770511 
06083450638530391 
08088002647040966 
07083916782470594 
07021528250320913 
05088700540010924 
07048448989500372 
01022870204060195 
06104744958930363 
02085341079861080 
01032232500600631 
06068938377360831 
03044685382381091 
07034132482190639 
10083915877340591 
05046997114430735 
02084477723120815 
08039445321100723 
09104199164501023 
01061834502510116 
01051236578990253 
09074063736140170 
07014063128230215 
09105176262370288 
07012446449020667 
02055242771140993 
10105380982490521 
03036043881860860 
03011053556660741 
05026055552900251 
08061990234850392 
05109066447210834 
09095447226620982 
07061110763500296 
09056285169880287 
02106061067461023 
01042556182940737 
01043331821390855 
08046437865741051 
02053565927860527 
04019654253460667 
03072470327580127 
03081403693170667 
09037414817410190 
05025098520490591 
01048388781040894 
03066726077720489 
03057901406380794 
06092814679170264 
03019557230790765 
05037500697910324 
04026556758600436 
04094421702420711 
07012084133410727 
04014700690950247 
02109929186611069 
02091069285320981 
04082466124151093 
05033750783680646 
08091329421861040 
02052971794580336 
02025365742750814 
08033447771450491 
05071477390170781 
02037316883290959 
03049876677340514 
06063128727060625 
07102647410530232 
08086761588130776 
07041499041870610 
07012902197240344 
05044367212110639 
03092141194440250 
02033984201630216 
04032534796690293 
